a = 5;
05
ba