a = 5;
05
b